0
0
0
0
0
8
19
1
1
1
1
1
1
1
1
1
1
1
1
1
0
0
0
0
0
0
8
14
14
14
19
1
1
1
1
1
1
1
1
1
0
0
0
0
0
0
0
0
0
0
8
14
14
14
19
1
1
1
1
1
0
0
0
0
0
0
0
0
0
0
0
0
0
0
8
19
1
1
1
1
0
0
0
0
0
0
0
0
0
0
0
0
0
0
0
8
19
1
1
1
0
0
0
0
0
0
0
0
0
0
0
0
0
0
0
0
15
1
1
1
0
0
0
0
0
0
0
0
0
0
0
0
0
0
0
0
8
19
1
1
0
0
0
0
0
0
0
0
0
0
0
0
0
0
0
0
0
15
1
1
0
0
0
0
0
0
0
0
0
0
0
0
0
0
0
0
0
8
14
14
0
0
4
2
2
2
5
0
4
2
2
2
2
2
2
5
0
0
0
0
0
0
3
0
0
0
3
0
3
9
12
12
12
12
10
3
0
0
0
0
0
0
3
0
0
0
3
0
3
15
1
1
1
1
13
3
0
0
0
0
0
0
3
0
0
0
3
0
3
15
1
1
1
1
13
3
0
0
0
0
0
0
3
0
0
0
3
0
3
15
1
1
1
1
13
3
0
0
0
0
0
0
7
2
2
2
7
2
6
8
14
19
1
1
13
3
0
0
0
0
0
0
0
0
0
0
0
0
0
0
0
15
1
1
13
7
2
2
2
5
0
0
0
0
0
0
0
0
0
0
0
15
1
1
13
3
0
0
0
3
0
0
0
0
0
0
0
0
0
0
0
8
14
14
11
7
2
2
2
6
0
0
0
0
0
0
0
0
0
0
0
0
0
0
0
0
0
0
0
0
0
0
0
0
0
0
0
0
0
0
0
0
0
0
0
0
0
0
0
0
